5527
13559
91614
92659
41445
12618
73778
88266
88912
59394
98517
24439
41084
30553
83407
23368
20478
48762
30219
24060
7386
26926
30179
59329
49917
30317
91841
1797
52960
54042
81376
83058
13771
31512
47928
34134
67945
94451
49250
30420
9022
37403
73888
67440
92088
61843
97546
3008
36049
28450
10254
52869
47358
61977
90742
21448
87970
27653
54543
93364
23575
12368
4570
94491
15554
56734
8936
99083
13588
67208
29595
18546
90082
82141
15155
45842
56794
28784
27716
14142
34921
24904
16011
10439
60405
5838
1170
35168
4444
77975
8789
90885
83040
37140
72047
52250
87280
77130
95238
17646
42021
94140
12599
81841
73808
25063
38142
33692
29211
70704
42987
53238
99743
35899
96160
76249
73200
43843
41325
12004
53568
9352
29386
34246
64176
2508
46580
42223
93829
82352
81465
10154
85464
10973
88145
26583
24113
87231
27761
63404
17628
16677
33956
21537
42539
12956
17807
5526
86848
58833
35308
66694
52138
59045
59520
12367
3567
23594
92512
22670
68783
15629
62808
26255
89919
79354
58533
95333
52055
83820
90655
76664
96249
84243
15569
40875
72972
97485
71104
91068
59070
4518
7478
85968
99756
9446
62965
75809
50764
11429
60914
47349
72440
83386
57201
71015
98702
25355
82195
82360
43589
25991
88138
60528
10466
46679
73428
77446
33195
71504
60709
14739
13240
25648
81643
69104
51559
11545
79724
60530
63794
40404
15655
11654
78483
86697
39301
9198
21326
43939
14296
13493
22596
89863
19217
71418
66097
9618
27876
84962
61569
91269
40652
83806
51878
78449
94116
26757
69919
98128
36803
74599
37978
83167
60236
34804
80921
10687
14029
72327
2358
69753
48463
23355
69392
11843
11505
1645
82048
93973
82079
700
26081
17662
73194
99873
47234
3299
91387
70963
17039
64500
36337
71798
38380
6789
18551
37276
98506
6498
56719
56937
69508
99652
17600
50483
52683
51171
24961
39720
19694
22123
10646
14639
23883
30154
91415
78027
69139
84384
26621
90030
12326
26905
40123
50803
43262
34197
45127
52673
93370
74030
79297
59713
58228
85942
9499
2568
33480
63820
50534
35686
59606
29840
18932
20860
48892
85010
62727
41150
36117
54820
97613
64236
97556
99825
99359
2648
78962
72152
71976
17330
17162
34443
2435
64460
53771
49024
76710
24657
53894
27202
47238
8355
3384
28306
34465
49526
85006
39631
96668
27767
20200
48570
63555
19704
69319
69806
59949
5132
36758
83355
33623
28297
55246
77745
30201
82823
96386
67625
51453
19273
27708
47745
56209
81852
24891
29832
92845
15495
63453
79357
99612
88984
53609
54966
2898
56639
42552
97541
44637
35905
50814
62972
17722
34131
82122
39963
79268
53597
67949
46820
56510
35947
65099
9821
89231
22850
9394
536
9459
52981
53123
68298
91982
49366
27267
23883
1445
84929
67257
45737
12261
52229
39206
72264
42998
642
51050
44683
3598
92103
42473
82360
31275
12087
6325
77342
85144
52828
19502
5545
95569
22018
93096
84665
15923
52320
20468
60098
22373
35967
94925
11125
98821
41972
6295
63925
44810
32609
67671
55360
81437
61769
18453
79707
45310
57880
31321
72831
90052
63747
86565
34279
81701
12940
76271
15656
24767
21944
27995
3186
80661
34584
23238
12500
50871
27398
4332
68323
87538
18828
64963
5943
25047
59950
96041
38619
59763
47697
65342
40045
61204
3606
41634
94638
82084
16273
36767
29933
52604
86542
42883
89000
87417
12864
77951
1355
27518
75039
84423
44051
22709
87052
98688
65539
8651
20986
51802
99189
55020
50469
87533
47494
96357
54567
17742
43908
51180
99204
75442
4952
38465
82820
3214
51235
53207
51307
75272
28430
49338
54970
10048
82873
18709
20604
59047
51997
50086
67815
56185
49712
62763
51353
94514
46430
17466
39854
10087
23419
85721
86148
30093
71148
67058
9188
51316
48759
44283
60823
21503
15217
24405
36421
68156
35486
96639
7951
12926
36327
77430
42176
33522
60873
53934
7745
82078
60307
28536
53464
29077
70675
18667
79207
72024
28965
6383
4737
40419
30278
96900
78277
14721
89329
98171
85785
46594
46832
64072
17931
70159
40257
61897
14088
83822
83213
60594
75022
86576
7543
1662
55025
58614
26385
12068
23458
80146
68390
41548
94148
64074
92515
30566
91337
43572
36144
72264
26923
58053
57464
70813
5764
64957
96331
75003
63037
88083
88665
15638
36356
94333
1953
88662
98857
69003
58040
97409
64059
86229
42044
84578
11093
81601
84213
32993
55171
67472
81132
23304
80627
58670
12691
39277
37267
49728
18733
56490
78713
81182
4873
43586
31920
39522
6597
31928
59960
33609
35212
82473
26098
48365
98135
84233
5706
83431
47181
20385
87541
46850
92010
44289
30275
49016
64287
2176
24821
18388
56778
27850
96499
95259
8690
87907
86385
18188
98443
89757
34090
44420
59438
7883
53059
75945
3972
21661
5895
37671
89444
82582
53304
30131
27536
13862
71338
27220
94561
76078
45084
48748
49727
18619
10935
73912
34103
85631
21574
29980
70651
43791
29758
57520
91196
69066
54878
84147
65177
63086
80584
71213
93868
68986
37131
98106
97029
10567
23803
22358
1715
74970
29748
58766
27972
33668
94675
85747
50796
96774
71889
52201
67579
94129
33096
50638
6481
19304
50608
16611
81234
22262
91506
52053
46206
14074
18890
58341
26222
53834
86221
51483
45961
10002
53485
55576
5813
829
45170
75078
37498
76356
82051
98069
38366
71609
81808
88387
1694
45861
58582
42649
21703
51855
31494
84842
56460
28005
13167
16028
11352
81781
67771
42547
52307
57087
68939
39861
35086
54770
18238
73708
22174
66567
46709
28536
5031
58521
16433
22827
4390
78422
4466
32363
82197
5516
74227
20613
91372
46395
39174
48239
35958
27314
75598
55616
62115
70637
90242
83103
42487
1977
1331
56922
63225
47444
68740
22209
72429
14352
46871
19438
88834
24828
99878
47690
70736
88041
6617
43184
6462
65246
74825
24959
97697
62276
28534
23804
50687
11113
63607
97888
60541
38348
92519
64026
14549
63773
92382
66263
15530
14737
55893
81555
10273
48998
19594
45297
81701
10801
2806
8384
76338
64434
74468
65230
70895
31686
58424
51450
57622
28096
67990
82890
46260
60807
9246
97971
45123
72195
6583
2484
90842
68246
57784
87089
9163
77608
465
99149
66296
14866
53010
98083
66743
66039
49092
63184
266
56899
45031
7417
54787
62662
29246
34514
93020
55280
42574
10511
41882
6134
68170
42853
80210
19523
63318
50330
56769
76960
70447
89277
26981
65178
78697
98115
64494
57841
87708
63500
83447
77746
37756
20750
23078
37017
20649
77542
25661
63911
68707
98634
96846
8075
56746
45144
60762
11406
55932
8841
97265
18775
60056
69333
96483
91755
17263
11894
56163
85216
65125
67986
76128
40161
45797
45990
12552
44846
48746
71951
60206
60915
44517
49883
77462
62297
60201
70685
17002
53437
94922
25636
81807
77341
45467
50948
28818
22671
70415
84437
97007
95784
92419
43468
20684
70112
93482
44191
60355
11595
97536
2663
9658
82942
82458
76822
99869
60779
67118
99541
96918
26753
38182
73510
1634
69629
95674
37923
29063
48053
82851
86343
21547
90476
6550
62521
7629
59779
9044
97349
89950
96296
41596
3079
19515
28035
87966
25875
43326
14671
5990
3124
4770
33270
2017
8141
66328
12914
73306
20224
42153
58212
13404
7683
36550
59573
20767
12529
68166
71013
19436
33921
72695
3779
3805
72768
56220
3692
88400
86313
22509
37690
81875
67542
38518
93111
25625
12294
20527
76286
25130
61268
50955
50330
84162
95635
20550
60041
48415
71270
26029
58578
24976
45363
65294
49064
83976
15890
25281
32970
67674
98207
71269
83339
34692
48565
97963
90104
40367
38162
82139
72182
14601
7784
94937
15497
45661
65358
89647
44786
14480
20382
78340
61231
68819
80508
86860
79468
46498
12432
64844
30294
53743
14385
77933
71734
27083
62382
21767
13147
96540
87196
51215
2599
14736
429
92119
58556
91204
67632
35157
43203
33344
98857
62634
51334
9701
6443
55991
25086
35434
99540
54464
96917
61164
5474
23256
31942
48721
35712
14183
26077
23261
83827
14880
89199
21958
41082
30173
64367
3466
68445
61883
45795
46028
27012
24728
88021
24730
48590
89342
42931
93652
87914
70457
61773
43478
49506
75546
91951
32752
20127
18702
91143
41219
14883
47050
25909
90607
76603
19422
9217
1649
50526
86805
73053
53983
47579
72147
20086
78935
39177
55024
19133
30703
15063
30673
70617
24445
93237
7035
6726
14402
79419
52374
60769
46782
1333
48598
49420
50868
36287
63297
10183
53509
77928
62052
80135
66107
45489
84953
91753
66727
79139
35844
57895
44329
15082
50916
33209
32041
44489
84814
69441
50862
80749
32745
32604
19029
70165
54278
61066
67927
56810
31199
91414
83092
36880
97947
24195
46859
34509
30579
17169
35950
60371
61802
89256
43249
90067
37535
73220
1449
1036
82261
2479
43476
88786
75616
89390
27068
41951
94940
44597
86358
89368
49002
8231
41873
37007
56831
17424
653
81332
25095
66791
87622
71596
61103
25686
41329
5922
93128
6682
76872
7278
15106
97985
11193
40037
59761
67565
29568
52307
56843
43299
29389
62066
88746
58629
98617
89047
75544
72185
63916
61662
77255
44869
85694
66210
88131
9279
10969
58975
89313
81734
84332
42849
11561
44388
49716
20374
61537
3593
24199
90760
73605
34182
89294
28172
58068
54921
22595
73057
56097
38200
36432
25555
96378
71371
49886
26746
1336
17189
28037
41942
27410
43990
51630
88283
24350
40797
75654
28155
79798
43580
69189
83412
63659
93333
4960
90636
96294
20685
73614
40770
73784
94966
56391
63023
93161
28655
67964
47966
32125
493
85510
70898
20838
15837
10263
37247
16973
52793
2318
85138
77856
71128
29671
15823
85320
94776
53745
10713
45396
2868
29395
10448
16876
77532
52536
50972
89824
7526
23615
96720
90073
27728
5861
50787
20087
26745
85599
22253
70953
92708
62702
20738
59086
8523
14780
88285
90436
67869
72829
48617
14045
46613
2407
64447
36820
57624
11609
18358
66329
32104
30655
95018
33929
61024
34507
46783
24483
5962
88299
38484
24489
26511
77925
52150
6752
99986
68290
78126
74463
13430
22143
80322
21496
11156
40451
2723
18548
55661
51622
40618
28858
10026
5971
36312
54049
76356
71280
68912
9017
23091
88318
69980
47633
69503
1765
22910
67280
77807
29214
91143
32318
35728
75926
55606
78900
20580
75389
65925
96555
54532
94043
39871
21843
47288
28935
95337
60452
7662
86696
18789
97533
55049
11740
33391
87686
45122
20819
48851
76608
91413
78625
47188
81843
36062
53522
13057
2141
95933
4421
57661
84219
99987
17617
52110
16755
85187
81407
27244
84810
65336
60041
89748
56068
77713
16180
81412
17557
87451
79897
12085
19137
2715
71951
89302
5188
21985
40285
8903
81778
78221
37452
71605
41494
50103
94169
61651
11509
66557
59927
4476
64773
14267
83477
93963
24685
40366
31442
5379
86017
40941
72617
92383
69995
31335
18946
77382
13214
70438
1401
405
5536
50817
49099
52040
19673
17780
79087
35244
88086
48852
55347
28314
74144
29132
70399
96980
64894
75888
17865
45819
97772
69911
71154
50401
57844
57617
30921
33758
96689
16115
27397
57685
48682
29953
40092
94563
45962
18201
96025
6542
9913
90985
86823
96958
29262
99210
42837
31990
81001
42308
91346
17065
26596
78162
36807
75031
72526
71617
30678
87811
79801
10429
87515
66073
34421
95582
51260
77114
18467
86121
47546
81703
64042
87427
3170
35725
4101
79341
59511
69792
97713
45388
18000
93149
79694
23078
93992
82589
95969
8224
52651
37694
167
42224
98616
99951
8499
96603
56728
54429
47556
16752
24013
52816
14783
59205
33932
52816
94977
32884
61481
13201
72802
87772
71196
84050
31632
69243
37124
72173
36482
2275
68034
42557
61631
48131
51846
75759
58431
33733
80081
58052
84585
2025
76844
22079
1907
57901
32819
71756
70346
73095
53395
76906
56274
83472
79871
27944
52893
60981
57527
15189
13946
27285
70635
74335
43643
79896
86572
38336
40430
69029
83368
57045
99074
85057
43403
25723
79393
13251
34578
61776
35226
52861
79514
88628
71264
23165
62460
83136
94891
17241
9828
3928
31809
82630
2937
59461
38792
91260
72225
58666
74188
64061
35743
17304
14601
76362
86425
63303
95601
46962
83101
36697
22352
33540
51024
55649
62186
6647
31849
98223
72975
56397
27699
34451
87759
37395
81997
90098
8591
9480
25967
91058
26655
26296
89114
44023
4976
4761
78814
80969
7910
11290
85340
41864
73638
16647
44515
95657
1118
12541
11845
80532
97154
57242
26080
94065
53845
54080
75861
35539
93147
67514
90477
21670
89204
71931
67497
52560
35485
82488
17792
522
75942
92804
54145
29796
32184
46761
10390
71804
12499
55572
73352
41799
73950
99728
47397
58306
25794
83161
82091
57130
73499
34563
98802
92257
34781
4104
95238
90872
65076
37790
36903
65522
53173
12847
56587
94779
65770
18230
90076
77826
67974
7540
43047
37687
12862
14332
26288
2989
56963
95511
95000
32319
6470
87596
99986
14851
38852
81634
44285
40384
9675
20753
65252
51794
39155
7034
49837
4380
26619
9508
3893
45497
92175
59730
79109
36245
24566
89372
5502
72997
11980
60281
44417
13420
67026
88094
8300
18457
85846
58731
48276
46465
98139
36980
90150
14752
76583
54545
39536
70046
28850
38164
53374
101
48288
72683
17536
55360
14222
13049
24896
73961
14323
70683
8180
37513
86267
56909
62337
56502
88985
92078
47308
4008
57312
76098
6685
93164
18558
94767
42602
75392
41612
91254
32482
85329
97427
6729
33683
24000
87816
7245
64447
3001
88097
1408
27092
83792
8191
39620
64650
71265
11135
73316
19578
58462
93599
41459
22581
51934
82577
956
65129
8271
11776
43973
16110
1281
68145
11052
86133
49822
6187
44036
81159
55196
99165
89447
15170
87614
13653
82992
41789
14330
30844
53164
40507
6792
54769
83121
10574
4940
82946
95672
58000
38785
26877
41373
886
97748
14778
19723
90949
36290
28492
33845
9550
96994
13362
37437
9675
43355
47889
99935
17296
25702
66952
73428
30187
99341
16929
73165
52445
91615
56630
60490
15903
48156
58644
98890
36616
14762
9427
28640
6119
62389
80084
91538
94480
82142
39461
57375
39947
22804
58582
70855
9035
62825
47770
65195
70962
72255
78202
14606
73933
67053
7023
27517
16465
82427
33070
86137
52862
35445
24544
88017
27000
94596
9719
76940
58313
19302
43244
37256
2479
96085
51317
86076
64748
71007
46374
1652
62751
82302
18023
96878
46472
6354
82170
1726
22789
61486
37877
5405
64152
95913
11302
10527
95554
78173
14362
51101
66271
19306
38209
96411
98578
6106
58099
34951
71407
17823
64330
13367
99942
66334
31918
1000
15930
58566
99420
19131
75360
13978
41522
78252
48304
56149
81555
72370
33055
72307
35662
85354
98494
36278
78627
56401
56989
74382
63328
8777
14098
27860
66072
99312
5051
83817
60471
90099
35154
98885
79727
38194
87253
94701
96971
70220
91299
33102
58854
11892
77209
102
47963
96829
64003
80938
67419
6135
99745
64244
97303
33464
30022
38268
39090
39765
74601
71548
47343
72925
23216
34668
10750
6530
42469
32755
75360
15035
19750
91207
55427
49035
28525
8123
48120
5811
92176
53585
15529
57412
25804
97773
50478
89090
84602
2097
55936
32422
68107
75344
36692
25803
94137
15167
27261
25162
89443
16424
86607
24220
96743
81275
25982
26677
41252
39272
1568
12095
26044
80575
10237
6648
21967
51054
34422
96056
27791
80104
64581
51575
70730
45387
74366
71703
73812
95209
92316
17953
4358
44277
22872
21536
32083
58635
65880
6570
87509
42994
39899
73184
60430
87965
75018
39436
45241
35566
23346
12453
65922
29156
3314
47048
97031
38468
202
20816
42682
66592
21182
93088
96806
15958
231
15088
87436
71309
5589
15242
70923
59287
90105
30101
21094
58476
83726
65358
29814
47185
21900
28471
31577
28075
11145
89497
77339
26129
4701
92721
47325
23183
81953
65863
426
25682
55710
49162
43093
48663
89688
35505
33152
51189
86129
35598
5804
12522
25191
54682
48953
24375
76085
43290
94482
33206
80159
10975
72549
54946
62676
79
24174
56933
38928
88137
29264
29402
190
14715
42459
84843
45912
19423
4006
83154
95211
77521
76773
3076
92162
26479
44400
77981
61537
44760
37866
58062
88813
23188
90555
17893
45234
92613
64943
77425
39520
7283
72987
63898
3013
28358
11831
57535
63824
62063
20522
90100
43959
82346
96150
89035
64792
97280
97008
93006
40092
6346
22627
73746
53796
30848
49216
43269
78657
83620
62430
3494
49407
70035
72435
23523
49688
41287
12615
82141
52196
33942
60938
49681
93655
11879
99870
41492
80867
99205
37590
30793
47725
41446
96136
42196
55817
37044
64971
85139
51332
38571
50484
30908
12954
69306
16091
71697
44046
6266
70283
88070
94279
73770
62022
60145
23053
97403
90918
72207
82863
96579
65076
85873
92075
6639
64566
82018
24721
63858
10790
44454
63384
43396
34051
78518
83056
13205
4109
14918
5848
99321
64136
45149
90461
27045
57583
25889
55466
99206
92364
31059
98367
38469
20859
63385
15527
78293
14354
55427
10607
90394
185
58090
93298
11778
71480
40782
8314
41563
47006
557
67772
15689
50174
64741
82362
56365
39893
25675
90324
37970
25195
82296
35236
73123
86574
36346
22767
76204
97436
99572
50099
25972
94492
29400
94114
94918
76063
97968
95499
55001
49595
31435
37311
56268
6488
40995
81702
88332
96455
63463
57629
70428
40801
26188
23284
46871
45170
23050
31382
30970
72412
81947
13717
64428
62840
10422
25548
81730
58575
90734
88514
35808
94842
54770
43604
95638
89289
5137
31502
42128
63668
34913
69536
64712
65416
21741
15630
91443
71001
43879
98982
18811
39432
70466
91328
34189
57493
18123
34218
64801
77522
55702
31485
83180
4046
36313
64843
47960
59630
20505
51388
90748
15556
80133
86509
11966
41814
69617
37499
7115
69951
62564
35320
63943
72633
56167
79884
35466
16102
36225
92376
76442
62473
87951
44599
85003
8200
35900
52535
66970
83740
63772
84694
46411
77833
72374
70562
64211
12168
48970
40311
80435
86235
31833
83769
73734
25531
12034
39123
28537
58053
23055
79227
90728
30006
27000
76497
11260
35208
58973
30103
52127
42678
6103
79824
23224
33547
34282
65947
44042
88144
15168
24556
89309
74968
49332
89438
45361
83270
55607
67278
36705
16279
44944
64209
85563
79868
74312
66919
6043
13404
5140
20791
79631
45305
72429
32870
98277
18492
83453
51489
74073
91126
4976
64361
68602
16343
98000
77008
12540
57973
59225
48935
4059
36016
1433
11378
93816
741
23282
81870
1287
75874
39997
20787
24665
18262
75273
19575
92559
98454
18009
97912
69691
49503
68279
18635
99980
4154
14172
92406
73153
85116
49108
72781
30113
2569
81604
68407
97744
93500
75429
20056
50926
79561
49135
80311
69884
48078
52530
97274
86084
39339
97066
94221
30195
74621
62357
82221
75583
1575
16992
33001
27704
2989
13373
24270
93190
4610
35334
66417
5761
44467
85984
99296
90559
62392
39110
27515
92574
19066
82181
87064
53168
9965
37554
34170
81527
2674
70447
73547
8863
23917
71485
39168
33699
81393
15490
44868
7895
71158
646
831
55325
82283
47369
21863
53052
22855
79211
47739
17122
85778
83438
89813
5469
63824
58487
30619
71338
90703
28052
47125
67339
99156
58450
31760
14256
71389
6582
94345
53405
91179
48398
60677
19843
45388
31483
26071
95330
57038
79074
66798
93502
70678
46884
23980
73269
12377
80894
61810
70130
49926
30205
83113
45949
96089
98131
11258
1197
80917
9115
33487
29467
4692
37024
43340
47637
29570
99881
87260
74902
469
67428
37902
64474
40959
10609
59940
5857
85343
75560
27508
4511
37956
84822
91624
33550
31455
12726
20682
66252
11450
77179
96158
52430
51315
86741
48626
56902
56930
56880
5274
8273
57475
1695
96426
86484
27698
56399
26105
6380
39572
65306
7103
78905
97768
16159
85411
30689
33429
93575
29331
12931
42786
61406
18606
74783
40753
92012
691
19250
10246
91455
15602
32949
91929
32915
58025
96990
45956
2491
71396
94743
23734
42447
20637
58869
19911
90496
40638
15066
86340
20509
59064
54551
25277
15827
2110
7408
76280
35132
65218
6427
33752
70679
14680
14785
74910
87132
5662
2611
80861
79064
21828
50715
32155
78041
72592
30751
83063
82521
67829
76061
56566
98358
94792
96911
25644
53292
18396
26516
74049
84110
2101
74003
58256
53748
62785
92671
69372
15460
64484
67288
76886
99375
93671
12976
2082
5150
85840
2865
91252
14816
26423
83931
57175
79759
97265
91696
15139
53619
90800
40991
46612
17639
30875
55210
26304
46520
57562
80335
38956
53949
1225
24566
95322
34555
47338
59517
85007
69676
90324
85533
99771
55101
64793
90129
17728
36897
10847
31263
73814
32165
30079
9945
52054
24715
51522
54989
64311
31419
4726
49220
67929
88049
30923
82502
91483
57190
92857
40667
42295
93854
14123
95877
4606
87626
29098
85767
20430
84835
35153
89804
78844
6944
11823
91877
93416
54642
96620
87101
24339
64018
52037
14725
85043
70707
67778
76577
21610
15474
60053
21229
80668
99320
51762
74100
45477
21375
11822
59842
73000
70138
13247
29878
71867
41126
90947
58017
77778
68197
84246
4007
3486
47227
10590
97356
90293
7188
62531
72803
3943
23531
18604
25455
16750
32454
86162
91735
79312
71665
88393
93211
75678
49052
40017
87351
61272
57379
6276
74234
22406
62311
82861
81479
31156
32666
28034
95873
99670
67359
63132
87031
23579
33987
30037
61323
99226
31164
93745
64446
47974
14067
5659
70329
99646
56482
5222
29214
45835
19721
4403
35188
78012
39214
33767
49863
35683
23407
86251
16118
17100
80393
82495
52138
51055
70161
69516
33642
69952
21341
53445
32637
6885
61183
3512
88295
17841
59578
72022
87320
34077
30560
78903
71768
71847
98952
18432
24666
52056
62725
31738
40547
59059
49306
22941
61591
10188
47118
16735
36797
11652
29506
41104
58961
61295
51526
64560
87643
88715
45119
73273
41807
98091
42500
16960
52475
65453
43974
46775
23548
49384
60333
24995
25844
67330
18293
42416
25954
58291
22959
65253
42657
334
51154
49768
77505
91821
4783
10042
41443
30002
58783
82636
2788
93348
60239
31124
85235
45614
73822
84308
43993
70667
75709
94342
24926
4766
88233
28664
48643
48196
90108
303
36407
29459
99023
81807
9168
14413
97535
75976
66751
70970
89448
74569
40142
78595
8687
42663
89090
46749
53267
68149
32924
58272
67712
97219
16023
98755
22264
38029
68441
94913
96241
72917
17600
19398
83283
61538
21027
71106
22473
83868
66757
61473
38559
70240
17537
10408
46923
8731
24039
15556
3620
17174
1187
96382
76472
36455
15029
63760
46473
30140
97029
59920
34645
35749
82482
79341
45564
2426
23182
96531
73127
52820
71393
28543
46297
62998
28762
89129
31856
11922
69054
96703
9980
64075
39100
5637
11644
79764
25622
40246
21417
18885
28878
94152
50145
22647
53927
84630
60441
30491
90066
81648
74579
72683
47405
75656
2957
86896
45029
83986
37140
17604
39589
40256
65525
43343
59022
30488
90435
69521
45546
96992
51690
45617
43962
25961
39852
6233
36990
51927
16725
82721
18348
33489
55542
7094
37256
47513
77891
24263
52063
45427
987
64707
91289
9208
62300
50492
31872
66020
45079
19394
41724
75915
92361
61106
68451
28071
37427
2127
20206
95123
97643
62968
37041
11963
28133
81632
96383
57127
37168
84242
60454
54236
67983
32891
58174
36385
63625
2171
48915
80762
38070
77210
73051
12416
41301
4142
97237
57668
13092
53482
61113
71162
42989
76713
50680
26796
13585
49191
64564
68112
89402
18536
67233
58207
31077
65587
83068
92862
11458
92946
93031
35664
67954
1195
98071
7188
63931
22086
81795
21965
73644
88720
3744
88619
83922
93854
49207
94150
5409
54938
21475
58877
36119
71682
42174
34021
83335
37759
53935
42399
66758
49039
94775
35484
78328
9565
79364
5584
47307
66122
84144
63651
57748
85500
32316
44214
36053
3788
55107
36390
67869
32164
89703
50359
36857
61773
28798
77825
53555
99472
8611
72322
62245
68957
48157
53093
7661
8770
85451
67464
24058
71374
23652
54831
39605
13105
13826
45391
1368
83687
45380
22563
20653
35527
7801
11758
91719
95158
99248
71888
33858
77087
89974
46839
85992
75571
98973
31629
2498
82788
12243
15003
42166
39363
89537
25622
31680
82520
73578
79269
70970
95222
57776
44040
32030
92776
27666
91471
69519
82930
97934
93584
50665
98139
99327
42625
56828
70801
70787
84446
11859
99441
90422
72922
34328
39306
90795
20523
12077
31704
38969
92132
30482
43062
69479
3540
64970
90347
73763
17678
9085
62479
5901
72188
82538
75992
2398
1003
18239
23215
37101
80006
61687
4259
16608
29324
77665
44912
35327
27189
90522
23737
3520
7771
73088
34506
40271
60133
35585
87907
49978
98538
17772
2775
50922
12523
35686
50434
31974
29421
18791
59052
11801
18975
78511
9383
73376
9533
35874
29882
14015
76024
43132
88676
2476
24016
70888
75943
51216
37749
37755
63745
82172
46526
78010
14809
44117
31492
70778
27409
44443
85372
95677
74066
11398
28202
61353
71323
95606
96961
66844
34317
22567
98635
67427
16816
95459
58
20099
31687
87266
78400
82063
96434
62621
91930
77921
63281
711
27243
15251
78887
38431
45729
5064
47422
12731
32072
95501
94814
60921
79110
31773
56967
32136
45238
18537
79752
53121
91933
62790
22684
38911
68633
36205
77071
39632
45699
8188
63690
22033
54935
27281
98649
72395
41037
4720
83097
72502
60931
96594
90290
2196
62271
38092
3767
13427
43511
67494
49434
3916
5628
84887
70018
85320
31316
10542
41571
65470
44974
20194
3350
65951
88902
32532
2784
76673
24466
88736
20954
75174
758
48578
86944
22409
9168
20571
25337
26337
76725
98625
37777
69242
61542
95435
69145
91634
78201
30628
78748
89788
77598
16975
1753
92050
56727
43044
13198
19707
88129
34131
35079
10744
69009
82200
15559
97491
34863
36465
32692
89771
85532
26335
63853
54126
83371
26538
72568
63238
57864
44300
45222
61848
35898
1920
3415
579
68997
89588
95636
61815
31747
3156
64091
29082
87704
31883
9171
56094
69161
77350
98231
4081
64608
53013
48889
22122
71749
26329
36209
1042
47647
33585
21805
25202
5780
20176
49761
62127
57847
54138
56870
3199
6985
44115
45109
86343
35173
54900
74071
3235
84596
61673
13911
41005
72336
11993
34979
28531
46664
69718
57095
46523
30773
6816
77801
94749
2282
85627
62480
79588
14921
58299
68153
9806
34393
6510
83496
63785
98934
3775
18285
14033
16383
91903
89008
36243
75352
54564
16695
77307
17561
96789
67544
14845
88764
6978
10956
49957
12248
59470
27292
54629
57991
25000
71992
938
6134
38603
93068
69730
77075
22846
33923
41842
57968
41162
87726
68667
61029
75391
96320
89048
38742
71530
7943
83871
27009
24363
56816
14571
63931
4299
81988
71084
21930
49856
36280
32266
22716
58436
61582
3360
36327
14453
66963
61184
82327
50083
42188
40062
89407
23847
57687
1369
96297
15331
46917
198
66319
28735
58721
12584
46532
93997
86889
28440
74899
31104
39387
75389
32023
45094
7115
1017
3925
39366
3863
81316
34658
97285
14580
30716
70767
70710
38812
39536
49478
21198
4142
71236
4000
95502
60831
43940
68530
26274
26330
19001
26842
16355
99025
63314
11273
99711
59713
82200
31596
65149
40493
69814
27718
25066
7279
94334
25038
7171
63948
20837
48345
9272
15795
84208
34095
40583
64782
1145
38329
9708
82173
53461
28926
36659
12344
1139
38184
89615
29765
53013
53169
69609
67022
71313
88065
60453
28720
6882
36242
21363
79645
43231
41388
90218
23225
28982
70569
37677
68509
84137
194
74372
51606
11188
28962
29715
72212
99494
38652
89708
84517
93155
99199
75498
8604
53207
39962
11875
11874
29590
19895
93256
60689
41832
91604
99112
71676
90508
38621
83207
3256
71275
24349
18095
23305
59602
21543
52131
93810
74734
38892
81741
83671
48274
42395
61694
24762
69864
73142
68958
52833
48486
94726
15036
60444
23039
81174
78042
81360
69044
52721
37724
11866
12020
2000
95984
9793
45760
36562
42897
28903
35299
12591
27401
61693
2626
29499
13959
83891
82607
14932
43829
8561
85497
95501
82454
54896
28560
12756
49583
9011
8142
97918
54939
92700
16964
28721
64011
53808
88074
25725
23390
77678
20206
66974
22531
23365
51095
32519
50386
26302
54152
34937
31049
39642
83367
58762
26203
7544
75122
15651
50595
20622
27851
72700
27977
93154
43438
66052
46805
30087
27569
1240
72488
10031
4408
78239
11883
15942
36998
64673
56190
35766
12645
8459
64153
15045
52758
40245
44832
50652
50221
21241
21292
19663
77261
49023
95129
7549
97147
6380
73442
26918
59344
51811
25917
26531
75638
21176
8524
7845
90097
81493
27037
35667
62435
83157
75366
61684
40559
34401
68324
10059
84697
67822
81927
45377
47835
33069
79863
62810
63780
59332
95600
27923
97086
84826
9806
99336
31141
67592
4748
65618
98416
78840
44887
53439
5840
37712
7203
13450
33439
11130
83459
6871
84134
46797
76465
81352
25266
13444
33763
20029
96338
37836
43664
88705
46999
95818
69684
63123
74749
14331
40615
6393
47701
79686
93318
78505
35605
70791
69568
99102
92405
82084
45480
81819
70501
39903
74960
5159
99413
21519
52376
13147
58270
318
5262
55388
99494
89166
75263
18740
20214
27530
37005
99725
21962
16568
61666
55259
97135
28431
60555
98694
31063
3995
68088
96375
89766
18062
38194
21205
40806
19118
22228
96487
94023
50451
64190
95732
36183
54153
57179
64941
24964
43610
67327
31466
20330
65799
4542
37221
87492
50134
46145
44312
17924
50670
76808
16015
72897
67259
34968
95040
74858
58259
15728
82959
64753
55455
77895
88583
21291
85134
57863
87438
23215
72187
96107
24440
4697
7725
27420
7690
34712
46611
62587
28671
77970
92521
82780
21744
52315
95348
97087
89831
43867
9441
58825
44691
73186
87573
44633
93018
41750
44879
76048
81329
9967
63052
68873
29477
49243
38217
40045
39959
45007
74679
58390
73492
40281
55543
13356
10219
28753
66225
46158
31657
96040
95862
74015
27512
41097
75890
44050
44919
35454
56359
37570
82324
13045
7397
74899
29095
35380
79347
34943
47570
11219
98009
75871
28325
83710
45408
73949
41584
74015
84885
29979
67100
95144
3794
46053
91831
48854
22040
20577
22547
53868
66710
47365
56339
35413
99259
68668
66264
26036
60471
84376
57133
33407
4257
38822
96987
8409
52195
23021
22637
47125
99047
5446
231
38622
58095
31264
40315
762
54636
85725
86815
42553
2301
66098
82150
6141
46080
19526
65855
63470
31880
85684
41002
11754
85884
18091
67108
14461
31533
71529
35806
20784
76118
37597
82582
48146
6374
13025
45114
44862
17744
99325
39900
46890
77732
72255
70488
77785
93120
4715
23287
79210
43561
90299
39693
93508
21489
93817
66054
16451
80136
86270
19335
72001
55041
1195
32423
69627
57474
62595
11431
82877
9493
51616
31214
1758
58187
49372
9652
69865
39242
34341
55109
61427
25784
53761
8656
29946
26830
71056
37732
65844
54211
19897
88478
18916
93967
32607
24536
43218
62763
51767
84017
16167
67290
94103
53181
51479
99711
31054
49948
45408
75721
85464
63885
4930
49545
63265
79326
58052
72343
61865
21603
86002
82135
58867
62644
86000
40157
32586
99020
63479
29712
39861
74337
84757
85508
23280
36565
10811
10476
42324
50549
76180
66214
89843
21545
80876
26953
6483
78249
29932
52941
19388
58234
92540
85091
61392
43833
26906
21392
43911
92284
63991
30257
12663
4078
20704
15254
61212
84001
21845
77255
83376
50374
17026
68038
97164
77825
11232
22462
64784
13145
53139
10049
82190
36625
22803
74233
56542
5700
41881
8909
2932
35011
94747
97254
43444
23447
97834
42858
40547
99381
58806
42822
40549
3753
29316
16067
20826
46071
79017
25670
60761
37076
13664
96287
5777
89679
66451
70625
79971
72915
19913
31537
14339
84557
4032
97371
39947
76567
3175
56064
65163
85428
1222
76399
17607
75263
71409
6701
5792
11148
45429
56700
10666
45941
61334
79552
68570
99349
39683
30807
79776
7330
95140
6893
38076
45926
11076
46730
29185
33396
2488
14074
60459
6951
89955
10276
62357
44635
14156
15797
70565
5201
33209
20649
96937
51725
39215
32286
63285
65276
34033
16682
6002
87016
39803
98753
19707
93837
96713
71155
27663
61009
38871
32827
46183
39624
49920
58528
82534
37881
95659
7153
53046
82428
83573
45433
63109
36266
91490
82670
65000
64948
48558
61736
35233
73622
89691
30714
46460
23761
64722
66545
21423
8989
11120
94560
29532
57590
37005
13409
57987
68020
49435
68970
88450
27962
64532
53357
50256
24304
78816
78287
95572
99230
69606
72238
8112
14949
58360
22111
38849
7882
81549
73195
82679
89559
36200
93261
31039
83123
63953
83754
99847
28926
29093
78603
66013
48188
21370
27791
32476
16108
22522
6213
75039
88003
37238
48256
5382
27803
6496
78260
63327
74664
67776
85075
44310
13743
3684
65417
34069
38137
64564
99652
5693
92676
77549
94496
23991
12552
44262
15712
8062
78138
11939
45760
70917
71690
79746
95404
86966
34992
19905
66273
86602
34766
9617
36028
81551
23317
42046
34640
39411
96807
52707
18298
58826
41080
47885
6519
18370
91349
98520
24943
31667
40722
40281
72260
34280
6593
61008
31449
84048
75075
30920
41708
67616
74638
96644
8402
20069
68052
73656
98661
84490
46791
8618
190
15316
69119
77449
51496
81121
33558
90098
53054
5678
3817
48808
85143
33711
42055
14788
39731
74203
96678
26351
35052
830
59238
29663
63674
80415
33349
34573
74748
64371
62598
22290
21896
81447
88675
67477
80225
73094
81297
61307
94266
26983
78501
25198
67884
2473
26530
55557
87406
49700
79458
77373
52290
19850
5296
39064
87666
62271
43995
20099
41919
96023
51227
55760
32902
24563
82462
89437
10
49531
36580
75643
48639
71869
56657
68077
59195
58267
12133
14397
59337
29535
86932
91499
871
99947
19095
88204
65086
92429
26193
88528
7080
8096
69985
29940
15686
58744
82992
46436
37071
8290
47010
59827
74146
38142
21413
58287
52510
70274
62090
84851
49233
488
11762
19494
42610
1737
65573
65882
76088
62078
69751
76808
27272
39115
40335
50644
60575
31186
8656
65687
54210
72935
85080
59963
82932
77914
51908
11175
54761
4460
60345
29443
1111
40745
5628
9773
96979
41638
79041
24278
8182
70185
14340
94548
25459
52851
17031
63680
8137
69178
60891
27683
79218
29798
28402
98204
69526
45346
16330
86167
8431
63108
11157
14381
48680
98806
43829
27497
14958
53386
29526
68522
19006
55244
30331
85445
47710
68863
61885
8321
99478
39763
2301
23719
72571
92693
74165
68061
10860
77256
34908
12864
94215
38024
95755
87311
42218
29201
14671
58626
79152
44314
1622
98119
4148
28797
19698
57843
47132
15539
84505
50553
15403
61836
54745
86732
92308
61290
65159
75383
13704
34020
81295
71859
76551
42268
90086
9946
14774
69602
83720
89397
60263
82709
82663
38574
27362
23403
7866
87309
40961
47260
80630
3140
12459
53292
53478
96067
53400
74808
68620
28704
43656
29317
65789
4284
73431
54030
3153
46817
9530
64198
82292
56795
19594
92486
80310
96371
79628
36164
63601
31844
4653
73768
32151
2683
39629
15765
64248
52312
88509
70933
77410
85770
94463
39955
97881
40606
36981
17663
82567
60422
32859
73341
24823
7507
27307
69575
36134
9177
31763
66207
82998
6874
91932
37117
86731
36665
73377
72950
70438
71979
12197
92861
30611
42263
33257
62838
52078
31256
71480
30725
14072
1501
18320
9898
17427
63470
58614
67611
83246
45398
60425
98523
66761
31672
66840
79181
78890
89057
30224
64950
17119
36113
3493
59820
99376
69906
58323
12724
73990
90429
55686
95912
46832
27288
65791
32593
41397
30146
8920
75999
53640
80014
37516
58502
14268
23342
74392
62512
73125
66456
96673
13881
6343
61225
21828
1746
12379
43176
5853
57499
70035
45667
75338
10754
52133
50073
58182
89388
16899
17849
4070
15556
55442
60598
17911
87243
91624
86458
99479
96851
97843
77637
91982
55113
54283
22311
94137
55471
7486
38065
83743
16387
52155
25050
17305
3069
99291
45633
75418
76066
53808
1957
57615
52300
38502
12224
12826
63262
40376
93095
64733
59452
39516
74228
14861
59364
6093
34412
7807
51647
66886
2109
2882
8901
64300
26127
37962
38337
68078
66698
39481
84492
40623
33343
50153
86549
84785
62033
91687
34661
96346
80115
2313
538
4412
92758
94260
49684
68829
49321
48819
98615
4840
75075
10027
40263
3591
60343
88605
5890
31664
61402
74457
49977
79842
39472
72103
90980
25611
24162
3225
30052
41900
47534
80311
12158
18119
89827
10775
68565
33841
10363
31018
60858
3838
68605
44404
84603
29577
58025
4136
76781
76895
61709
55701
34172
76600
54038
34986
10950
47048
404
44542
63311
39810
92445
41482
34746
26551
56191
64264
96063
65329
3150
1070
2972
77415
49684
99665
77673
1097
51611
80063
15183
6735
74313
31996
21353
11410
95848
6852
17864
8894
41654
55215
74465
21029
77055
23602
10967
49266
11974
71328
5080
53909
40621
67955
99012
67342
69985
41459
30588
988
5274
11685
38310
54761
81537
92259
30068
13664
43267
34435
1720
51915
27928
34850
39435
4692
92396
94043
39795
4175
48756
23813
48491
59295
5891
19224
8832
77105
57901
79184
84157
22146
72949
43423
5381
55979
20734
2846
96983
46125
5586
5933
48071
35637
53847
24534
67952
88225
64403
8069
62669
25415
41473
81693
38348
53948
48334
40630
18619
65079
50073
3471
27235
56448
41864
97755
75663
73156
77283
11621
35410
14642
19089
22545
45496
98805
25581
37684
92029
78872
7992
31226
63440
45104
9940
37585
8268
59083
99938
28804
93098
10783
75913
9340
35772
3717
39521
11499
52814
23527
53550
35182
75413
9974
53889
19912
7976
73611
67183
40980
72232
82599
59053
97066
42075
18024
40440
39752
83325
29725
5814
53363
70185
18875
44523
29692
18680
65151
25921
72577
38065
55247
69863
10829
96117
96630
57475
68421
8470
91712
62366
9566
73575
3133
88694
16472
73974
37385
37912
19285
70600
39211
20106
39093
42551
2401
22807
60379
6517
58156
628
54945
86036
84355
86222
16424
92577
17394
72732
82162
93889
15510
21197
10232
73745
66179
31344
4600
588
16694
1398
36142
50446
53972
27106
76598
83772
23325
25786
7194
24324
66258
73147
69118
78258
53379
56438
2349
86771
44687
96769
96633
90876
72661
98606
68416
35892
53600
98841
50699
60110
51728
12513
84001
48021
40994
65572
93444
76847
15285
67310
8097
45961
2635
59965
44984
9390
26655
6307
39082
77477
34315
12233
983
10892
72298
26763
70952
71197
27748
54651
96337
88201
74067
50675
38035
29677
51450
68436
18556
49074
8819
49715
70676
44546
33926
51261
80648
34330
31909
86768
5326
47698
9626
24302
60933
76820
36637
76378
80522
7523
25159
31962
65915
19622
23300
33529
79966
99045
13974
38988
44784
84733
11928
3667
88559
52046
94863
42845
51679
93489
522
37098
82951
99200
41433
76115
14677
97625
59124
63740
56221
21828
77759
22840
45189
13498
88075
59544
61257
28484
18750
27975
78856
33024
63151
31116
37797
82542
98051
91965
52143
83451
93268
9613
34696
25580
43186
12883
61350
27090
69249
24904
72189
1044
21892
64061
35390
54808
76746
47963
74396
36354
88962
89410
56592
863
97432
36926
26134
76393
99126
60796
8545
98936
33364
10013
30312
38985
1664
93514
94867
55335
1523
58053
54345
8749
40120
71820
18348
58578
16449
99700
9191
86440
21166
42446
22109
72206
13242
20435
37660
936
75669
4353
28597
3073
94557
96237
16826
3504
88218
41447
40556
63825
84317
5493
69491
73772
79120
37571
18017
18839
87296
13577
82330
88664
11687
63092
79269
69215
81525
48628
70334
25536
32799
27497
92814
14258
84713
44600
44285
35112
34233
51859
32573
24670
15349
29265
60243
94581
67304
51936
4029
53318
21534
52919
87541
84850
12397
20001
26212
23066
79252
46500
26329
12092
26027
1905
48354
27996
53983
88366
12777
90543
89155
27345
36195
23881
98010
77913
71950
23632
21768
54182
98154
58658
2871
65860
17407
27919
61578
41525
52093
85221
62458
21184
57873
12865
78454
22869
65972
36840
58229
38581
20464
78263
63380
5939
53631
13935
73019
26239
46398
27725
18626
90568
41705
63099
78552
29266
78798
59701
61969
26952
23216
11663
33154
74011
48603
10331
91443
98386
66042
56600
86338
39084
56008
10083
8371
70899
53124
10757
50091
59385
24158
68759
82620
97998
22445
67184
71154
87264
70283
83791
22982
31940
18009
4949
53995
24645
53960
99071
56824
57169
16699
81358
66447
87111
70319
52334
81878
70173
77742
7059
22897
39105
77125
35271
20603
89259
71934
66404
50155
98223
36082
23799
85682
13775
96990
43187
54046
89608
12895
54326
96241
52006
74667
93002
51165
51637
29866
28800
24633
77712
87390
93210
94812
68991
88255
66308
15982
87094
28717
18172
26176
83626
92724
44367
22921
78794
22826
78188
61089
78266
50664
36484
99220
49588
24534
59536
26935
17086
20738
87593
23261
74723
84734
14091
57442
38115
38662
44200
1083
20526
89204
52757
28632
79738
78922
20956
4061
34805
5027
32186
25685
18101
56788
38438
47794
93594
97626
56727
31873
70554
83334
1711
72875
41617
12768
21607
83906
57867
25141
66062
2535
93079
99818
97395
45355
34499
12808
13094
17150
3988
36364
86159
8347
5643
66030
5817
58152
92846
23679
81304
84953
48152
47347
93803
51403
88105
632
34498
444
32567
48525
13553
23677
30833
44234
3636
39176
29177
83075
78758
22891
79200
99443
48837
42624
6252
32569
45294
14753
30824
17583
65479
61683
90212
90350
62426
60002
90446
37213
71109
81020
84102
58873
93633
37945
86724
34247
23896
22348
98887
19191
14845
81108
40470
1384
79537
56051
44760
64452
10059
29795
7644
59481
73156
88167
73230
46473
83118
49409
23603
42268
67923
49585
30882
37903
58179
28899
50711
22212
93864
55772
38808
6545
15115
404
79020
8723
30284
70937
75631
3789
69148
17507
87251
34404
276
93027
98761
87889
83613
4993
64516
35735
20862
79006
27592
28863
50985
78157
46831
25946
23895
22330
23487
45749
32435
15887
93652
25265
59691
99958
74557
41077
41572
82476
76959
15191
48874
56505
76313
27958
18553
44518
30690
96486
80968
53766
69613
7127
59582
97161
99624
85252
97253
18571
42237
44373
18182
75205
62201
7422
85601
33877
66006
55659
65955
17545
84306
91897
89142
79024
77081
55848
13192
10446
47221
56361
44013
46722
37464
86814
50672
34917
80503
55735
55313
91278
12288
15927
48707
30180
16300
98542
78754
27756
8265
93104
4156
90117
4628
4885
19237
71316
72280
44243
91027
64234
80680
85630
1444
99187
16590
51817
51953
39323
38143
38618
3356
22116
98966
28192
55556
30243
897
8375
42938
86079
20116
44816
41
22594
42798
66688
54661
73192
2861
2121
56268
18589
71554
20205
77502
17521
6514
94506
44924
23686
44586
75738
96463
52712
78607
81806
9953
11451
99919
56637
12089
81412
12952
18654
8037
33629
63932
60587
40681
57260
51876
20254
37435
88572
39563
92932
44670
46790
2547
40888
47933
90531
15547
34355
64294
42538
39441
56760
79583
82962
21197
46478
35431
27682
39355
72561
9319
40530
22647
46420
33090
36992
77624
56146
56821
95087
7956
84607
5787
19805
18924
33776
30371
14216
74085
67729
64379
5690
22256
54419
39779
44322
19847
49736
54060
81994
93404
687
10901
84576
62849
12170
41682
73090
39252
14999
84522
68186
51070
25515
29748
91478
20236
71248
31573
54330
17021
69506
38237
29465
97123
9655
88995
62322
23422
97374
21000
87187
85801
55714
1194
80436
61710
45327
80622
373
22824
85893
97374
14131
897
90100
33675
20941
42591
41283
95346
22287
64783
6767
70964
14456
43461
20130
91964
91677
28089
76098
58740
24726
81677
5808
92467
66906
86936
30178
31448
12858
90857
21562
82896
66743
18803
22745
73014
86819
31781
62630
25352
35898
21225
70893
42945
54078
56987
34617
24558
74042
28684
69768
84662
84641
28902
64432
92386
70169
89660
92787
51080
61214
65314
57078
6660
15456
74971
17596
96020
35106
66441
74419
59549
91899
58579
39187
71647
53594
75412
64003
31389
49298
12853
98876
5182
13537
86958
68042
71720
16696
16065
96034
32601
95234
67015
18448
25572
45530
25429
50621
2122
90099
41059
79416
2240
7678
1647
79289
29097
62897
69422
84869
78845
46397
34167
83619
82894
29215
33675
79495
70293
6269
97737
13180
36389
96285
7682
45483
76785
51854
78698
69153
64344
79992
66971
5022
95848
3481
23935
24596
32128
43376
71406
19191
34890
11794
10157
57537
98201
96513
45711
47673
37511
42686
10332
91640
85369
28483
67433
72799
11662
11686
19115
76793
77276
11042
86080
47759
53891
37506
30019
90773
99523
14181
47398
30262
46641
21115
86685
87650
95520
40306
43346
91079
88861
55794
29381
68163
29405
65741
80346
56811
30618
76357
2800
95034
81194
45642
68695
52435
27157
34426
90136
16343
49385
71622
63455
50365
74575
82037
75744
44462
30970
85579
42692
75584
18231
19176
90608
12626
71900
91193
78538
52091
20979
87250
21286
34969
77725
44503
92101
7726
42241
2290
40837
84634
86046
7077
5648
57745
79082
49138
72064
92109
64021
43817
96404
33287
70991
4997
87578
13340
56009
65198
62436
33513
380
82967
49316
79783
59581
78794
39924
81376
5214
17659
329
21515
20384
75380
12494
34764
33536
43970
51674
57614
98287
45924
82235
96513
79390
67042
38222
37780
55793
16941
3386
76788
20102
40018
86817
73716
62011
40237
42683
93414
94569
72733
73707
33095
88696
1258
9042
75918
67712
56873
99700
43994
62803
61386
38606
73919
99133
56319
90812
74412
94294
48266
72530
77826
98878
64569
61308
30135
59292
62109
3983
53770
26818
79837
8698
67024
82316
72473
50973
5465
56072
37241
67831
25185
18409
51122
39636
80586
7467
43834
91157
56838
49821
77537
73935
28890
60893
76976
70405
72644
55287
25132
12306
48435
57132
90137
76796
59156
28349
52306
16957
42251
249
80903
39716
38755
64515
54168
55043
90140
34499
9356
24567
29802
64192
66491
47720
52844
12958
66090
13736
56882
68568
21982
77676
65752
14986
80146
28076
71094
44303
21500
32528
74304
65462
68494
16386
8193
39549
26828
