001100110011001100110011001100110011001100110011001101
00111110010011001100110011001101

0 10000000010 1000111001100110011001100110011001100110011001100110
0 10000000010 1000111001100110011001100110011001100110011001100110

0 10000000000 0001100110011001100110011001100110011001100110011010
0 10000000000 0001100110011001100110011001100110011001100110011010
0 10000000000 0001100110011001100110011001100110011001100110011010

0 01111111110 0101000111101011100001010001111010111000010100011111
0 01111111110 0101000111101011100001010001111010111000010100011111


0 01111111111 0011100001010001111010111000010100011110101110000101
0 01111111111 0011100001010001111010111000010100011110101110000101


1 10000000101 1110011000000000000000000000000000000000000000000000
1 10000000101 1110011000000000000000000000000000000000000000000000

12.45
0 10000000010  1000111001100110011001100110011001100110011001100110 //
0 10000000010  1000111001100110011001100110011001100110011001100110000
0 10000000010  1000111001100110011001100110011001100110011001100110000

0 10000000010  10011100110011001100110011001100110011001100110011000000000000
0 10000000010  1100110011001100110011001100110011001100110011000000
0 10000000010  0111001100110011001100110011001100110011001100110000


0 10000000010 1000111001100110011001100110011001100110011001100110
0 10000000010 1000111001100110011001100110011001100110011001100110
0 10000001001 0111001100110011001100110011001100110011001100110000

-12.45
1 10000000010 1000111001100110011001100110011001100110011001100110 //
0 10000000010 000000001001110011001100110011001100110011001100110011001

1 01111111111 1000111001100110011001100110011001100110011001100110
1 1111111011  11111101101110011001100110011001100110011001100110011001
1 1111111011  11111101101110011001100110011001100110011001100110011001

100.99
0 10000000101 1001001111110101110000101000111101011100001010001111 //
0 10000000101 1001001111110101110000101000111101011100001010001111

99.33
0 10000000101 1000110101010001111010111000010100011110101110000101 //
0 10000000101 1000110101010001111010111000010100011110101110000101

0.005
0 01111110111 0100011110101110000101000111101011100001010001111011 //
0 01111110111 0100011110101110000101000111101011100001010001111011
0 01111110111 0100011110101110000101000111101011100001010001111011
0 01111110111 0100011110101110000101000111101011100001010000000000
0 01111110111 0100011110101110000101000111101011100001010001111010 //pair

0.66
0 01111111110 0101000111101011100001010001111010111000010100011111 //
0 01111111110 0101000111101011100001010001111010111000010100011110

  0111111111
0 1111111110 010100011110101110000101000111101011100001010001111
0 01111111110 1010100011110101110000101000111101011100001010001111


-100.25
1 10000000101 1001000100000000000000000000000000000000000000000000 //
1 10000000101 1001000100000000000000000000000000000000000000000000
1 10000000101 1001000100000000000000000000000000000000000000000000

10.005
0 10000000010 0100000000101000111101011100001010001111010111000011 //
0 10000000010 0100000000101000111101011100001010001111010111000011

0 01111111011 1111100110101101110100010000100100011100100010010101 //
0 01111111011 1111011111001110110110010001011010000111001010110000
0 01111111011 1111100110100110101101010000101100001111001001111011
1 01111111011 1111100110101011111100110011100001110001011000001001



0	01111111011	1111100110100110101101010000101100001111001001111100
0 01111111011 1111100110100110101101010000101100001111001001111011


0 01111111011 1111100110101100111111111010011111101011011010111111
0	01111111011	1111100110101100111111111010011111101011011010111111
1 01111111110 1001000100100100100110101110100111111011101100011011


1 01111111110 1001000100100100100110100001011101100001100011101110 
1 01111111110 1001000100100100100110100001011101100001100011101110
1 01111111110 100100010010010010011010000101110110000110001110111


1	01111111110	1001000100100100100110100001011101100001100011101110
1 01111111110 1001000100100100100110101110100111111011101100011011

0.123456
0	01111111011	1111100110101100111111111010011111101011011010111111
0 01111111011 1111100110101100111111111010011111101011011010111111

Enter number : 0.1234567891234567890
0 01111111011 1111100110101101110100110111110000010010000101011110
0	01111111011	1111100110101101110100110111110000010010000101011110//

Enter number : 1234567890.1234567891234567890
0 10000011101 0010011001011000000010110100100001111110011010110111
0	10000011101	0010011001011000000010110100100001111110011010110111


Enter a floating-point number: 123456789012345.1234567891234567890
IEEE 754 binary representation: 0 10101101 11000001001000100001100

0.2 
0	01111111100	1001100110011001100110011001100110011001100110011010 //
0 01111111100 1001100110011001100110011001100110011001100110011010
